First leg goal coordinates:, -0.0, -0.0
5/9/24 Time, X (m), Y (m), Heading (deg), Dist (m), Course (deg), Steer (deg)
9:32:30.0, -9.297028, -0.5517859, -0.05, 9.313388, 3.396565, -2.067939
9:32:32.0, -9.184515, -0.7318441, 0.009999999, 9.213627, 4.555839, -2.727503
9:32:34.0, -9.072001, -0.9119036, 0.009999999, 9.117718, 5.740002, -3.438001
9:32:36.0, -8.846977, -1.272019, 0.02, 8.937955, 8.181917, -4.89715
9:32:36.0, -8.846977, -1.272019, 23.5, 8.937955, 8.181917, 9.19085
9:32:37.0, -8.846977, -1.272019, -10.36, 8.937955, 8.181917, -11.12515
9:32:37.0, -8.846977, -1.272019, -1.23, 8.937955, 8.181917, -5.64715
9:32:38.0, -8.104077, -1.058167, -0.67, 8.17287, 7.439149, -4.865489
9:32:38.0, -8.104077, -1.058167, 3.3, 8.17287, 7.439149, -2.48349
9:32:41.0, -7.991564, -1.238226, 6.95, 8.086922, 8.807467, -1.114481
9:32:43.0, -8.104077, -1.058167, 7.39, 8.17287, 7.439149, -0.02948971
9:32:45.0, -7.248665, -1.024374, 4.58, 7.320689, 8.043715, -2.078229
9:32:45.0, -7.248665, -1.024374, 4.42, 7.320689, 8.043715, -2.174229
9:32:47.0, -5.650352, -0.7767292, 6.66, 5.703488, 7.827144, -0.7002866
9:32:47.0, -5.650352, -0.7767292, 6.76, 5.703488, 7.827144, -0.6402867
9:32:48.0, -4.794939, -0.7429357, 4.33, 4.852153, 8.807467, -2.686481
9:32:50.0, -3.196626, -0.4952905, 6.48, 3.234769, 8.807468, -1.396481
9:32:53.0, -0.7429001, -0.2138515, 6.89, 0.7730673, 8.807468, -1.396481
Leg 1 complete
Proceed to next leg
Next leg goal coordinates:, 6.300712, -10.08325
9:32:54.0, -0.0, -0.0, 6.44, 11.88995, -58.0, 38.664
9:32:54.0, -0.0, -0.0, -25.15, 11.88995, -58.0, 19.71
9:32:55.0, 0.8554128, 0.03379353, -74.11, 11.48938, -61.70951, -7.440292
9:32:55.0, 0.8554128, 0.03379353, -83.11, 11.48938, -61.70951, -12.84029
9:32:56.0, 0.9679255, -0.1462646, -59.16, 11.27751, -61.7793, 1.571583
9:32:59.0, 2.610927, -1.372877, -56.53, 9.459657, -67.04209, 6.307256
9:33:1.0, 3.398516, -2.633283, -72.04, 7.995296, -68.71619, -1.994289
9:33:2.0, 3.736054, -3.173458, -77.73, 7.370394, -69.63695, -4.855829
9:33:2.0, 3.736054, -3.173458, -71.85, 7.370394, -69.63695, -1.327831
9:33:2.0, 3.736054, -3.173458, -70.33, 7.370394, -69.63695, -0.4158326
9:33:2.0, 3.736054, -3.173458, -73.46, 7.370394, -69.63695, -2.293831
9:33:5.0, 4.343306, -5.548005, -72.47, 4.939624, -66.65504, -3.488979
9:33:7.0, 5.243408, -6.988469, -68.86, 3.270407, -71.13772, 1.366631
9:33:9.0, 5.400611, -8.642786, -72.13, 1.698564, -71.13772, 1.366631
Leg 2 complete
Proceed to next leg
Next leg goal coordinates:, 13.48155, -10.35307
9:33:9.0, 5.400611, -8.642786, -82.32, 8.259946, -11.95, -42.222
9:33:11.0, 6.300712, -10.08325, -56.23, 7.185907, -2.151908, -32.44686
9:33:11.0, 6.300712, -10.08325, -12.02, 7.185907, -2.151908, -5.920855
9:33:12.0, 6.638251, -10.62342, 8.22, 6.848639, 2.262342, 3.574595
9:33:14.0, 6.682938, -12.09768, 3.07, 7.01889, 14.39226, -6.793358
9:33:17.0, 9.249177, -11.9963, 7.29, 4.540175, 21.21878, -8.35727
9:33:18.0, 10.10459, -11.96251, 21.14, 3.740875, 25.48208, -2.605247
9:33:18.0, 10.10459, -11.96251, 27.99, 3.740875, 25.48208, 1.504753
9:33:19.0, 10.2171, -12.14257, 23.42, 3.722756, 28.73047, -3.186284
9:33:19.0, 10.2171, -12.14257, 24.25, 3.722756, 28.73047, -2.688284
9:33:20.0, 10.96, -11.92871, 27.76, 2.973358, 31.99999, -2.543997
9:33:23.0, 12.96368, -10.92704, 30.34, 0.7730689, 31.99999, -2.543997
Leg 3 complete
Proceed to next leg
Next leg goal coordinates:, 18.43528, -4.253284
9:33:25.0, 14.33697, -10.31928, 33.88, 7.320689, 55.95625, -13.24575
9:33:26.0, 14.96735, -9.925372, 53.25, 6.648239, 58.55832, -3.184992
9:33:26.0, 14.96735, -9.925372, 64.04, 6.648239, 58.55832, 3.289009
9:33:28.0, 16.11562, -8.957493, 57.96, 5.245037, 63.75195, -3.475168
9:33:28.0, 16.11562, -8.957493, 56.55, 5.245037, 63.75195, -4.321168
9:33:29.0, 16.63349, -8.383526, 62.21, 4.506144, 66.43113, -2.532678
9:33:31.0, 17.44421, -6.875475, 66.1, 2.80323, 69.29578, -1.917471
9:33:34.0, 18.77281, -4.793458, 67.34, 0.6369603, 69.29578, -1.917471
Leg 4 complete
Proceed to next leg
Next leg goal coordinates:, 18.21183, 3.118006
9:33:35.0, 19.17817, -4.039429, 68.06, 7.222375, 97.68917, -17.7775
9:33:35.0, 19.17817, -4.039429, 93.8, 7.222375, 97.68917, -2.333505
9:33:36.0, 18.95315, -3.679314, 106.49, 6.837626, 96.2241, 6.15954
9:33:36.0, 18.95315, -3.679314, 93.84, 6.837626, 96.2241, -1.430461
9:33:38.0, 19.65136, -1.991205, 88.12, 5.308135, 105.7353, -10.56918
9:33:40.0, 19.49416, -0.3368899, 102.05, 3.685197, 110.3631, -4.987834
9:33:42.0, 19.44947, 1.137369, 113.87, 2.335526, 122.0, -4.878003
9:33:43.0, 19.11193, 1.677541, 121.14, 1.698565, 122.0, -4.878003
Leg 5 complete
Proceed to next leg
Next leg goal coordinates:, 10.94161, 6.336348
9:33:43.0, 19.11193, 1.677541, 127.93, 9.405243, 150.3077, -13.42663
9:33:45.0, 18.84222, 3.511916, 149.5, 8.390292, 160.3282, -6.496949
9:33:45.0, 18.84222, 3.511916, 166.73, 8.390292, 160.3282, 3.841049
9:33:46.0, 18.39217, 4.232149, 160.57, 7.741992, 164.2292, -2.195508
9:33:48.0, 16.97419, 5.098644, 157.21, 6.158242, 168.4055, -6.717325
9:33:51.0, 14.7008, 5.931348, 165.61, 3.780944, 173.8509, -4.944534
9:33:52.0, 13.73287, 6.077612, 174.36, 2.80323, 174.7041, -0.2064606
9:33:52.0, 13.73287, 6.077612, 173.89, 2.80323, 174.7041, -0.4884613
9:33:53.0, 13.39534, 6.617785, 169.96, 2.469815, -173.4569, -9.949879
9:33:53.0, 13.39534, 6.617785, 178.68, 2.469815, -173.4569, -4.717859
9:33:54.0, 12.53993, 6.583992, -170.98, 1.617387, -173.4569, -4.717859
Leg 6 complete
Proceed to next leg
Next leg goal coordinates:, 2.926911, 2.329665
9:33:57.0, 9.748661, 6.842728, -162.66, 8.179487, -146.5126, -9.68845
9:33:59.0, 8.150347, 6.595084, -149.04, 6.743744, -140.7652, -4.964896
9:34:0.0, 7.407449, 6.38123, -137.77, 6.040729, -137.8783, 0.06494751
9:34:0.0, 7.407449, 6.38123, -138.23, 6.040729, -137.8783, -0.2110474
9:34:2.0, 6.034161, 5.77347, -143.22, 4.638404, -132.0591, -6.69657
9:34:2.0, 6.034161, 5.77347, -136.6, 4.638404, -132.0591, -2.724564
9:34:3.0, 5.516285, 5.199502, -132.11, 3.865336, -132.0591, -0.03056946
9:34:5.0, 4.25551, 4.411683, -133.39, 2.469813, -122.5432, -6.5081
9:34:8.0, 2.701886, 2.68978, -128.02, 0.4246405, -122.5432, -6.5081
Leg 7 complete
Proceed to next leg
Next leg goal coordinates:, 0.1125127, -0.180058
9:34:9.0, 2.184011, 2.115813, -114.31, 3.092269, -132.059, 10.64941
9:34:9.0, 2.184011, 2.115813, -130.46, 3.092269, -132.059, 0.9594177
9:34:10.0, 1.666137, 1.541845, -146.72, 2.319202, -132.059, -8.796579
9:34:10.0, 1.666137, 1.541845, -138.96, 2.319202, -132.059, -4.140574
9:34:11.0, 1.260775, 0.7878194, -130.74, 1.501763, -132.059, -4.140574
Leg 8 complete
Proceed to next leg
Next leg goal coordinates:, -7.18084, 0.2698262
9:34:14.0, -0.4053621, -0.7540257, -123.72, 6.852399, 171.407, 38.92383
9:34:16.0, -2.071499, -2.295871, -154.86, 5.717357, 153.3361, 31.08234
9:34:17.0, -2.589373, -2.869839, 149.62, 5.56229, 145.6355, 2.390689
9:34:17.0, -2.589373, -2.869839, 125.32, 5.56229, 145.6355, -12.18931
9:34:19.0, -3.332273, -3.08369, 140.53, 5.104659, 138.9322, 0.9587036
9:34:19.0, -3.332273, -3.08369, 142.49, 5.104659, 138.9322, 2.134699
9:34:20.0, -4.3002, -2.937425, 131.72, 4.310981, 131.9291, -0.1254364
9:34:22.0, -5.087788, -1.677019, 123.04, 2.858509, 137.0727, -8.419616
9:34:25.0, -6.955815, -0.09029067, 131.46, 0.4246416, 137.0727, -8.419616
Leg 9 complete
Final leg of trip complete
Satellites Initial:, [30, 14, 17, 22, 2, 7, 19, 21]
Satellites Final:, [30, 14, 17, 22, 2, 7, 19, 21]
